tổ_chức kiểm_định@0,0,0,0,0,0,0,0,38,0,0,0,0,0,0
ngân_sách nhà_nước@0,109,0,0,0,0,0,0,0,0,0,0,0,69,0
xe cơ_giới@0,0,138,0,0,0,0,0,0,0,0,0,0,0,0
quy_định thông_tư@0,0,0,0,0,686,0,0,0,0,0,16,0,0,0
tổ_chức thực_hiện@0,0,0,0,0,63,0,0,0,1,24,0,0,1,154
giao_thông vận_tải@0,0,138,0,0,0,0,0,0,0,0,0,0,0,0
sử_dụng lao_động@0,0,0,0,80,0,0,0,0,0,0,0,0,0,0
cá_nhân liên_quan trách_nhiệm thi_hành thông_tư@0,0,0,0,0,42,0,0,0,0,0,0,0,0,0
quy_định nghị_định@0,0,0,0,0,0,0,0,0,0,0,172,0,0,0
tổ_chức tín_dụng@0,0,0,0,0,0,0,0,0,0,194,0,0,0,0
khám bệnh@102,0,0,0,0,0,0,0,0,0,0,0,0,0,0
kiểm_tra sát_hạch@0,0,0,0,0,0,64,0,0,0,0,0,0,0,0
phòng cháy chữa_cháy@0,0,0,0,0,0,0,0,0,0,0,0,53,0,0
giấy_phép lái_xe@0,0,0,0,0,0,233,0,0,0,0,0,0,0,0
thông_tin truyền_thông@0,0,0,91,0,0,0,0,0,0,0,0,0,0,0
đường ngang@0,0,230,0,0,0,0,0,0,0,0,0,0,0,0
/ nđ-cp@0,0,0,0,0,0,0,0,0,0,0,441,0,0,0
cơ_sở đào_tạo@0,0,0,2,0,0,91,0,0,0,0,0,0,0,0
sở giao_thông vận_tải@0,0,167,0,0,0,0,0,0,0,0,0,0,0,0
đơn_vị đăng_kiểm@0,0,0,0,0,0,0,0,144,0,0,0,0,0,0
căn_cứ luật@0,0,0,0,0,0,0,0,0,0,0,187,0,0,0
công_bố thông_tin@0,0,0,0,0,0,0,0,0,0,192,0,0,0,0
căn_cứ nghị_định@0,0,0,0,0,0,0,0,0,0,0,335,0,0,0
quá_trình thực_hiện@0,0,0,0,0,0,0,0,0,0,0,0,0,0,120
ngân_hàng nhà_nước@0,157,0,0,0,0,0,0,0,0,5,0,0,0,0
thông_tư hiệu_lực thi_hành 01 01 2016@0,0,0,0,0,20,0,0,0,0,0,0,0,0,0
chủ đầu_tư@0,0,0,0,0,0,0,0,0,0,3,0,0,0,177
trang thông_tin điện_tử@0,0,0,0,0,0,0,82,0,0,0,0,0,0,0
khoa_học công_nghệ@0,0,0,0,0,0,0,0,0,231,0,0,0,0,0
thông_tư áp_dụng đối_với tổ_chức@0,0,0,0,0,20,0,0,0,0,0,0,0,0,0
danh_hiệu thi_đua@0,0,0,0,0,0,0,0,0,92,0,0,0,0,0
thủ_trưởng đơn_vị@0,0,0,0,0,0,0,0,0,116,0,0,0,33,0
đề_nghị cục_trưởng cục@0,0,0,0,0,0,0,0,51,0,0,0,0,0,0
nghỉ hưu@0,0,0,0,60,0,0,0,0,0,0,0,0,0,0
quy_định luật@0,0,0,0,0,0,0,0,0,0,0,101,0,0,0
báo_cáo tài_chính@0,0,0,0,0,0,0,0,0,0,104,0,1,0,0
phạm_vi điều_chỉnh@0,0,0,0,0,0,0,6,0,0,0,0,0,0,122
xe ô_tô@0,0,125,0,0,0,0,0,0,0,0,0,0,0,0
nông_nghiệp phát_triển nông_thôn@71,0,0,0,0,0,0,0,0,0,0,0,0,0,0
chánh văn_phòng@0,0,0,0,0,0,0,76,0,0,0,0,0,0,0
chương_trình đào_tạo@0,0,0,0,0,0,178,0,0,0,0,0,0,0,0
cơ_quan thẩm_quyền@0,0,0,0,0,0,0,0,0,0,0,0,0,247,0
cơ_quan quản_lý@0,0,0,2,0,0,0,0,0,0,0,0,0,101,0
( )@0,3,0,0,0,298,0,0,0,0,0,0,0,0,0
giấy chứng_nhận@0,0,0,0,0,0,0,0,244,0,0,0,0,0,0
thuế tài_nguyên@0,0,0,0,0,0,0,0,0,0,0,0,78,0,0
cơ_sở giáo_dục đại_học@0,0,0,80,0,0,0,0,0,0,0,0,0,0,0
thủ_trưởng cơ_quan@0,0,0,1,0,0,0,0,0,50,0,0,0,106,0
tài_khoản phản_ánh@0,105,0,0,0,0,0,0,0,0,0,0,0,0,0
ban_hành thông_tư@0,0,0,0,0,34,0,0,0,0,0,0,0,0,0
hội_đồng thành_viên@0,0,0,0,0,0,0,0,0,0,102,0,0,0,0
tổ thẩm_phán@0,0,0,0,58,0,0,0,0,0,0,0,0,0,0
ban_hành kèm thông_tư@0,0,0,0,0,373,0,0,0,0,0,0,0,0,0
tài_nguyên môi_trường@0,0,0,0,0,0,0,0,0,0,0,0,193,0,0
văn_bản đề_nghị@0,0,0,0,0,0,0,0,0,3,0,0,0,92,0
ủy_ban nhân_dân tỉnh@163,0,0,0,0,0,0,0,0,0,0,0,0,0,0
quyền_hạn cơ_cấu tổ_chức@0,0,3,0,0,0,0,0,0,0,123,0,0,0,0
thực_hiện nhiệm_vụ@0,0,0,0,0,0,0,0,0,0,0,0,0,0,232
giấy xác_nhận@0,0,0,0,0,0,0,0,123,1,0,0,0,0,0
thành_phố trực_thuộc trung_ương@0,0,0,0,0,0,0,221,0,0,0,0,0,0,0
chữa bệnh@203,0,0,0,0,0,0,0,0,0,0,0,0,0,0
hợp_đồng lao_động@0,0,0,0,70,0,0,0,0,0,0,0,0,0,0
cơ_quan kiểm_tra@0,0,0,0,0,0,0,0,0,0,0,0,0,117,0
giáo_dục đào_tạo@0,0,0,90,0,0,0,0,0,0,0,0,0,0,0
cá_nhân phản_ánh@0,0,0,0,0,10,0,0,0,0,0,0,0,0,0
tai_nạn lao_động@0,0,0,0,61,0,0,0,0,0,0,0,0,0,0
bảo_vệ môi_trường@0,0,0,0,0,0,0,0,0,0,0,0,120,0,0
cơ_sở khám bệnh@127,0,0,0,0,0,0,0,0,0,0,0,0,0,0
đăng_ký khai_sinh@0,0,0,83,0,0,0,0,0,0,0,0,0,0,0
chánh thanh_tra@0,0,0,0,0,0,0,75,0,0,0,0,0,0,0
nội_dung hạch_toán tài@0,116,0,0,0,0,0,0,0,0,0,0,0,0,0
hồ_sơ đề_nghị@0,0,0,0,0,0,0,0,116,44,0,0,0,0,0
kiểm_dịch thực_vật@0,0,0,0,0,0,0,130,0,0,0,0,0,0,0
mẫu quy_định phụ_lục@0,0,0,0,0,197,0,0,0,0,0,0,0,0,0
cơ_sở giáo_dục@0,0,0,82,0,0,0,0,0,0,0,0,0,0,0
việt nam@0,23,8,0,0,0,0,0,505,0,0,0,0,0,0
sở tài_nguyên môi_trường@0,0,0,0,0,0,0,0,0,0,0,0,50,0,0
quy_định pháp_luật@0,0,0,0,0,499,0,0,0,0,0,0,0,0,0
chứng_chỉ kỹ_năng nghề quốc_gia@0,0,0,0,0,0,82,0,0,0,0,0,0,0,0
hình_thức khen_thưởng@0,0,0,0,0,0,0,0,0,120,0,0,0,0,0
- chi@0,96,0,0,0,0,0,0,0,0,0,0,0,0,0
