17309
5113
5661
5835
5493
4816
4815
9406
9518
4814
17184
9522
82694
80001
8830
9836
82635
9397
9685
17400
17371
9396
17375
65997
8801
24806
81102
9395
18071
8791
31554
8827
9375
82591
9374
79968
25103
17782
81831
9381
17232
9399
18527
63275
9339
18635
9419
17399
9427
14889
18705
73278
17318
17848
39700
79534
8835
17828
17085
14441
9400
8786
9428
57241
17600
113047
15819
17364
17779
42867
8832
9212
9213
9209
15774
9210
15887
18561
9208
9293
8792
9294
15746
9187
9201
24974
9264
15722
9171
15745
30887
15703
9140
17021
17302
18467
18464
8789
9147
9172
9165
9108
17011
43182
9113
9076
8803
9063
8936
18463
24973
9180
15715
15434
79988
9070
9046
16122
15989
9012
18381
15975
8992
8900
8957
16126
8905
8931
18254
35523
79813
8953
18380
17999
47643
8848
81506
18075
8841
8849
8772
18349
8851
8863
18187
38300
17907
17089
18287
18220
25677
18172
5267
24737
16123
79572
16332
8680
18362
8736
8847
8676
8705
8681
8679
18207
18186
17757
25663
24985
18178
17981
31197
18090
17937
6322
37811
8890
6263
93080
6326
5114
8743
5831
62082
5832
8658
8650
86742
8560
37176
8641
8649
6073
8638
17926
17895
15627
17714
18017
17940
8550
8549
76829
18047
6266
17872
6316
6320
8612
6324
5840
6323
6244
6321
8726
6167
8541
8604
8528
8063
8606
6325
8518
80939
6298
6200
8498
80609
17643
47139
17667
17638
8062
27069
24949
6015
8688
78723
6254
17639
8459
6327
6075
8466
8454
8441
8384
17721
8378
8317
8421
79541
17631
42976
17603
8452
8358
6249
4137
17492
17636
17668
80430
6196
17475
6025
8288
5825
8032
5826
40134
8224
5948
8286
8287
44742
8257
5808
8261
5115
8223
4134
8208
4818
8179
8289
8204
8260
8154
5521
17080
8138
8241
8240
17086
17061
17107
17307
87517
17250
17493
8272
79767
17249
127234
128082
127302
127304
4817
27879
23563
23119
23566
127346
17155
127501
22748
23306
79762
86810
23560
8088
86735
8127
8122
87557
17022
16894
16111
16921
8098
16983
60466
22747
127415
49978
16927
127426
127315
128030
127237
16744
22745
128006
23539
16239
22703
23118
23418
23463
8184
24950
7937
22743
7921
7911
127233
7915
38208
24553
77916
7910
16692
16874
8128
8182
128465
127298
16651
16828
22704
25665
127252
128113
127286
16771
23390
23136
22692
23221
78032
23387
22691
127420
23344
22592
128032
7907
7926
7886
7861
76561
7912
7833
7924
22715
15626
16597
16708
16582
16598
11572
11323
16550
79756
16581
11307
7412
11355
7767
128256
126582
127484
11359
23228
85757
128007
128195
82965
128254
30766
23334
127285
23333
7763
127931
7811
7411
30988
87477
7771
7764
36499
16559
7766
80462
23298
16413
16338
79543
16468
11430
16408
47665
80570
11239
11303
80577
11286
80576
16361
22746
126431
126280
11523
126748
126960
126961
127512
127711
127508
11304
11535
127358
11305
127714
127538
127713
127515
127170
128037
37174
78589
125286
23279
127419
47693
47992
22714
127418
127299
7678
7666
22713
81570
127578
22684
7668
7681
7680
7769
25694
16337
16269
80596
16167
16098
16266
11506
35414
11354
80563
16389
80684
11369
11321
11364
16051
127516
7665
127514
127521
127523
11360
11366
11324
127520
127509
127511
11469
127507
127518
23012
128036
127940
128624
125283
125285
127951
125284
125115
128623
125282
125099
127462
126456
126453
127517
23292
128622
127439
22989
22942
22685
49285
7616
23089
7607
85746
127927
22700
22981
87214
7615
7580
22693
85609
16028
7583
16217
16161
22052
7582
16072
7548
16084
80677
11413
11386
15900
11411
11298
11389
11320
80683
16020
80575
15945
126883
127513
127506
127510
127769
127542
127885
127483
127545
127505
128473
11436
127684
126699
126461
127529
127481
128466
11269
126449
126458
126451
17224
125424
22050
126682
22048
125603
80512
37178
126459
22888
22615
7518
7549
126455
22446
24996
7525
22450
7532
30671
7558
21886
125237
112206
15845
7547
25116
15868
80429
15856
82027
10930
11407
79803
11419
11402
11427
11301
24983
10830
82031
126332
126442
126694
126297
126165
125804
126197
82035
128185
126372
128096
127498
125322
128097
10928
125910
128099
15605
125992
125323
125238
21890
77677
125987
22617
21887
22004
125320
21993
22508
22616
22158
80441
7531
7373
7462
7493
24554
79858
7505
7421
15737
15676
22062
125602
7380
15679
80452
10957
82039
15592
11003
11005
15325
15675
10991
11025
11021
82025
15604
82024
127581
10829
10994
125721
126241
127142
7448
126913
126834
126198
126382
128265
127694
128095
127887
128042
127941
126381
128012
125346
128064
127546
125417
128264
126273
22017
22487
125821
80064
22018
22468
22015
128065
126703
125833
7432
7424
22466
22485
30997
22032
7402
7400
4120
77756
7382
7423
126995
48959
15278
15260
15485
15301
10901
126506
15280
51623
82047
10927
11006
10828
11009
15533
126698
126697
10861
126702
10910
126695
11143
15256
126614
126696
1472
126814
126700
10995
1476
126309
82061
126226
126300
126299
125871
128062
128018
128063
126914
128017
127780
128013
127715
128014
127496
127612
126258
125347
125995
22465
127827
14458
22448
78585
126811
22437
22409
22157
22136
4151
125998
84859
4119
125870
22427
4121
76560
24420
22138
81329
87221
126028
15120
15019
14915
15148
10872
15024
15182
126175
82144
15249
11132
82071
11004
10868
11121
87230
11120
126482
15247
14890
125240
125189
126668
127383
11119
126486
78405
126681
1459
4035
4034
1450
127211
77543
78453
4048
4033
128541
128542
128399
126835
128540
128535
128538
128295
126164
125935
128303
126156
128539
128537
125925
128625
126204
128009
126303
126233
128436
127757
127920
127537
11011
4049
125413
125192
127921
125374
128362
125907
125454
125212
21902
125327
125825
125384
19262
126357
21904
22247
21986
22146
79957
21807
127922
21989
31166
37188
21842
4118
6542
76846
6575
127907
127876
19261
127843
6561
25661
36500
127839
14800
14799
14797
11109
82063
21992
10827
14865
10993
10990
14923
10997
81113
82066
10984
10954
10904
126969
3944
127906
3959
3927
3945
3988
128357
3934
127855
128435
3975
3926
3933
128599
128546
126239
128381
125868
128040
127640
127878
127895
127881
125326
125401
3875
127766
125241
19260
19259
19905
125222
127879
125325
25121
21752
125324
21656
125255
127210
21789
6541
7136
79948
127850
127868
6568
125328
6547
79754
7160
21849
7164
127854
86689
79998
7299
28003
14774
127388
14688
14607
24703
10877
10884
14773
82043
11026
11007
10878
10881
10958
126962
128449
78526
10826
3647
10939
126964
3817
126967
78545
128447
128601
3850
78537
128519
128484
3770
128662
80610
128552
128603
3825
3666
125891
126308
126679
3783
126151
126069
127614
125889
127698
126320
127775
128574
127687
128010
127691
125537
126249
126207
128172
127559
127776
125865
126324
126247
19715
126232
19258
85764
21634
81644
19257
36221
6805
126246
19256
6682
24995
128661
85491
7144
126522
7138
126208
126830
7140
79965
126829
31690
86753
126427
10956
13983
10825
10902
10824
85492
25183
14303
82058
82053
14409
10959
126999
14496
128394
78563
78561
3860
126669
3645
3560
126546
3646
128531
128437
126895
126670
14804
3549
78576
78578
126176
125928
127179
126061
127643
127918
128149
127913
78562
127845
125383
127916
127889
125864
125389
127886
127847
126157
126227
127862
21659
125407
21648
19716
19821
21658
125908
125355
19733
6539
7328
6762
30707
37702
6813
127314
127317
127350
14269
127341
14229
14222
41575
14224
6563
14581
14594
127344
6540
11032
83578
10903
19791
10465
82182
125360
13989
125996
10563
6564
10477
126674
10787
126675
10594
126750
82163
10823
10444
127599
78595
126672
3529
128395
3601
127243
78598
78599
3528
128575
3543
128521
78596
3631
128438
128604
126353
127584
3534
128602
126248
128493
127897
126229
127896
3628
128157
126177
126070
127699
127898
128630
125940
128049
125430
125478
125321
19765
128480
21155
21025
125429
126483
19843
126316
21018
125937
6732
78642
21489
113804
31819
21050
128469
126481
6800
6458
127342
4130
127089
127372
4131
127310
6570
127086
127068
6799
13826
14247
127087
13985
14002
40472
14261
13950
10552
127084
10770
125794
13963
10617
10443
10755
10748
6448
127404
127773
10775
126838
14267
127398
126816
127387
126817
10442
127024
78608
10769
3617
3491
3514
10516
3627
127019
78635
78612
78622
128503
85583
128462
78618
126609
126253
128266
126163
127949
127646
128364
128038
126158
128532
125388
127664
125955
125404
125406
19805
127400
19833
125479
21424
125402
19281
19820
30697
19282
25130
125359
19275
4129
6562
6735
6941
6734
125387
127090
127092
128054
127088
6870
127083
6731
6449
127082
19811
128508
127085
126749
13981
126673
11674
14012
10619
10747
79935
6546
13443
10486
10531
10597
82169
14153
10719
127015
10715
13944
126744
10441
127151
126849
127012
14025
127393
127466
127216
126701
3621
3618
3454
3475
82172
3620
3422
128565
3431
3404
128632
78636
78644
126938
128596
128555
126237
128566
3446
126639
127749
128557
128595
128517
127181
14129
126172
127751
126167
128270
126245
127752
128087
128232
125771
125558
125551
125557
19801
125434
84890
125549
125681
60526
17200
128475
13792
6946
6868
24693
24516
6964
76851
35942
66815
127693
6804
126649
126402
126405
126401
126400
81187
126394
126389
126387
125552
13617
13784
13613
13823
126393
13946
126014
13844
13815
10714
40689
10482
10599
10582
10481
10587
126388
10513
14140
13842
10693
6851
126836
10583
3421
6560
126970
127172
3411
3437
10581
3403
3283
126842
78650
3395
3394
128609
19850
3400
126169
128592
126369
127865
128071
127863
127826
128672
128275
3412
126205
126374
127884
125559
128593
128148
126199
128160
125378
125826
126274
15153
78345
79532
125368
125795
25128
77939
125660
6477
4145
6545
6571
6480
6880
125358
24557
126647
6733
6572
126646
80540
41578
127046
126426
126921
14065
126392
126425
126430
14064
14008
14135
40074
13860
10623
82206
4157
14136
125604
14176
14151
10676
82177
82174
127278
10672
10622
10512
10511
3368
10566
127193
3383
128402
126943
126941
3477
3240
3227
127194
115219
74994
78660
75512
842
3224
15
3225
75550
106330
75404
3249
12
3226
126932
126640
30897
126230
127900
127899
128194
127901
128184
127807
127942
128103
127764
125827
841
126484
127905
126168
125763
125410
127882
24405
125403
125408
25691
17127
37577
3385
18733
15678
6462
6505
6503
128554
6502
4126
19208
6319
38520
6504
18833
126642
17819
126398
126775
126641
6459
126645
126521
126769
126423
13182
80940
13180
37693
14036
10533
6461
13902
10501
10503
30840
10510
82168
82214
10620
126612
13181
126644
82181
128169
13903
126841
3223
3233
3132
3131
3080
3220
3134
10553
3221
126726
75133
3222
986
75380
972
75553
75016
75381
3133
3079
127094
75196
127041
126276
127351
75014
127287
127213
75011
128284
126235
127043
128174
128267
128558
128578
128556
126890
125565
128066
125781
125828
125578
125562
61310
17835
40459
125782
125436
20041
19954
14449
19944
85493
14429
126513
126432
126428
19915
126525
126638
126737
126450
5833
126418
10438
10618
10567
126730
10504
125866
126743
10550
46601
126738
86718
128454
82210
127053
10440
19956
127020
10571
82184
126971
3130
3129
3128
3170
82183
3160
75401
3256
75181
75105
75178
970
75522
75017
3161
75007
126600
75145
75186
126616
126618
3126
128077
126629
3124
128234
126619
3127
128102
126610
128086
128187
125526
128083
128363
128109
128107
125435
128080
125540
125735
125428
54738
18525
18530
19472
19965
19560
125672
19696
19949
126407
125480
35986
19705
126386
17226
126408
10538
126385
10549
126406
126404
10630
10500
10506
10573
10505
127047
10017
128405
3261
3150
10585
3149
3264
126390
79717
3263
3028
3021
75414
3182
82213
3008
75514
894
3250
75165
75158
906
75191
126771
75373
126328
75485
128403
892
931
128300
126231
128579
128046
128067
125372
128170
128580
126333
125538
125379
125772
128498
126000
19575
128298
80003
126352
17199
16704
128146
126409
126331
18516
19608
19349
19627
19606
127380
126330
82419
127029
127464
82423
10014
127473
10094
10041
10167
127382
127449
10021
127465
10063
10095
127376
127384
126808
127183
126884
126845
79776
10084
127186
79708
2945
2923
2931
79706
75387
2800
75564
75154
79724
75147
75152
75394
75184
2982
127345
75015
75403
75451
127353
127207
127381
127354
127355
127241
128074
128138
127058
127352
127215
128076
128147
128282
128401
128494
79707
127379
128545
126937
125543
125542
128382
126935
125523
125525
83671
19359
125492
18524
18523
81003
18526
17733
40080
18528
127391
18818
25358
10128
127097
10047
10371
10065
127441
127447
128281
10066
127440
82427
127390
10134
126977
126717
126976
127266
10085
10365
10370
79704
2906
127389
79711
10093
2901
127217
45006
127185
75119
75018
2808
127188
75384
75487
2891
2805
2905
75372
127246
75113
127050
75025
2903
127124
75020
862
127677
75143
2875
128133
127753
127222
128131
127755
128496
128425
127756
128104
128299
125524
128361
128590
125579
128242
128245
125483
128241
126994
128426
126898
128497
125432
126436
126391
127580
127313
126828
127472
125431
10091
18817
10350
82430
75141
10086
10263
128111
10107
127319
10020
10152
128584
128433
128432
127175
126832
10072
127101
10302
128434
128431
82448
2824
79777
2799
2866
2854
2809
2821
2816
79716
128153
75028
75023
1368
75221
79709
75215
75225
75021
75019
75032
127997
126501
127672
75024
75035
79727
127673
126504
126489
128237
127442
128400
128276
127125
128285
128235
125485
126492
128179
125773
128457
126001
128501
125484
127477
125834
127474
126055
128257
127162
126509
127158
127140
127126
127208
82433
82425
10145
127159
10019
127478
126826
127209
128152
125829
10081
127577
127056
127806
127824
82435
2786
2781
79780
127797
2776
79788
2740
83317
75226
75211
75223
75231
2743
2749
2737
75214
127741
75219
75210
75218
75220
75212
127122
127073
10106
10062
75216
128309
127067
127075
2772
127128
127042
10102
128398
128283
128504
126178
125580
127077
125641
127206
126512
126823
127165
127204
127202
128390
126511
127147
127148
125581
127146
127201
126262
10166
126510
127203
9581
83792
126875
10209
10176
9785
9784
9783
10067
127120
2699
82437
79797
2690
2677
2646
75235
127173
79821
2658
2695
75217
2723
75222
2676
75224
75238
2675
75237
10018
1296
75239
127033
127057
127059
127054
127065
127027
128302
127039
75240
127064
128397
128386
128659
127055
128502
128458
75236
126066
75228
125544
125830
126421
125832
126487
126420
126438
126923
126437
126926
126931
9776
9766
9763
9765
9762
9573
9590
9919
9579
126419
9849
126922
79825
79885
79833
79879
2605
127421
1293
79828
2626
81401
1210
75242
75247
1269
127025
126993
126988
79895
1268
77207
127026
1451
75241
126277
84520
126693
126690
127049
79887
127052
128263
128629
128461
126424
127062
128310
128384
127910
125633
128383
125632
126223
126881
126929
125643
126872
126843
126877
126874
9568
9761
9769
9440
9515
9514
9506
126880
9743
126902
9451
127098
127197
126844
79905
2574
127100
126882
2590
37145
126873
2546
80082
2586
127115
77214
80085
79912
77217
77231
127045
77248
77260
77265
77258
126686
77211
9606
77237
126685
126607
77227
126688
125636
125637
77252
125517
126514
126250
126376
128311
126839
126452
126822
126537
126705
126535
9441
126539
9549
9487
9511
79827
9740
126704
9739
9716
9507
126776
127123
128456
127230
126863
128202
125644
126538
127362
9717
127416
2351
11370
2460
2457
80156
80158
128198
2436
77273
77276
77280
77272
2453
80161
1245
2444
77284
77283
85505
77278
80150
126578
126579
77286
43363
126215
2438
126581
126687
125606
125638
125909
127225
126224
77270
125572
126711
125591
126488
127229
126707
126724
126825
126708
125675
126733
126731
9444
126706
125574
126542
9560
9793
9544
83660
9777
9791
9480
126490
126959
9481
127690
128443
127198
9462
127228
127424
2389
2433
80189
2347
80197
2301
80195
77290
2346
80170
80194
127423
127171
77468
77462
1230
77478
9559
77482
1228
77465
77456
127347
126824
126774
77476
127361
127359
128259
127356
77480
126252
125683
125898
126667
126433
126543
126541
126637
126378
126747
126540
126878
126713
9475
24213
127364
126879
126439
9551
9839
127348
9519
127810
127377
9847
126251
127378
9690
127232
126527
127692
2271
9555
80207
80208
2241
80209
2113
80213
2217
9543
2292
77544
127226
80206
1712
127224
77507
77820
77635
77638
80204
77601
77825
127360
77604
127048
126766
126585
127239
127357
77851
127110
125774
125678
126591
77629
127044
127883
125776
117576
126075
126435
126957
9437
127109
126992
126446
125777
126052
126477
126584
2127
9477
128452
2213
126958
80217
80283
125802
2192
2125
126480
80235
2111
80233
1693
1697
2200
77902
77948
125799
85588
77885
126596
127102
127106
1690
77861
126479
2193
127111
126599
77855
126754
77965
126152
126491
126636
126515
126763
11326
126757
77913
126153
126984
126517
126940
125615
126997
126478
80236
80237
126498
80216
126496
2114
126989
127005
2121
2119
125719
2118
77956
126987
77966
80277
76804
1646
77961
1636
1654
126494
1663
1662
77981
126934
126942
126907
2141
2117
77994
77960
126739
126752
125640
125652
126225
126529
126444
126447
126518
126601
126493
126123
126125
126476
126462
126473
126454
80067
2046
126472
126475
1855
80348
126471
126457
80361
2035
80364
31035
80412
80357
77996
1676
78000
85846
80414
1614
78007
126930
31034
127984
128001
126925
1892
126876
126278
126154
125929
127983
125759
127982
128255
78130
128005
126469
126468
126160
126467
126129
126336
126464
126470
126373
80506
126466
126465
1867
126242
80358
1990
1874
1854
80363
77875
1989
1593
31033
126463
1903
78153
80415
1575
78140
78181
126495
1574
78170
127152
128155
78141
1388
127157
127153
127163
80367
127823
126608
127155
127150
78183
126864
127154
125742
128262
126443
128173
127848
126380
125899
127832
127829
128260
1852
126448
1959
127846
127818
1898
125666
80402
1897
127841
127169
127840
1896
78187
78194
78197
78174
1835
127831
1849
127133
1853
78080
78126
78205
128026
128002
78204
128004
128003
78191
127801
128028
128025
127838
127834
1559
127835
126676
126499
78074
127842
126643
1825
1865
126334
127849
81556
128000
1914
11410
11412
126429
11283
78121
25357
78123
1882
1515
1493
78399
1830
78384
78388
78120
128156
128161
1895
128159
128163
128165
127480
127909
127912
128166
127004
127014
126716
126735
80389
127018
128167
127016
126753
128247
128243
128258
128253
78124
126751
126990
1828
127013
1503
