31 12	165
10 2017	137
01 01	135
12 2017	122
02 2018	121
3 2018	117
01 2018	115
01 10 2004	99
11 2017	69
9 2017	52
thông_qua_ngày 08 12 2017 hiệu_lực 18 12 2017	51
4 2018	49
11 2013	48
hiệu_lực thi_hành 01 01 2018	47
01 10	45
19 12	43
01 01 2018	42
01 12 2017	41
10 2015	41
2015 bộ_trưởng	38
2017 bộ_trưởng	38
05 12 2017	37
7 2017	37
31 10	37
bố_trí 01	36
công_chức 13 11 2008	36
01 7	35
7 2013	34
04 4 2014 chính_phủ quy_định	34
30 12	34
21 12 2017	31
20 10 2017	31
20 6 2012	31
2014 bộ_trưởng	31
11 2015	31
5 2017	31
12 2014	31
12 2016	30
26 11 2014	30
hiệu_lực thi_hành 18 12 2017	29
01 9	29
30 6	28
01 02	28
8 2016	28
04 12 2017	27
11 2016	27
30 11 2017	27
9 2015	27
27 12	27
12 2016 bộ_trưởng tài_chính	27
20 7	26
20 11	26
31 12 1994	26
14 6 2005	25
01 12	25
10 12	25
8 2017	25
tối_đa 12	25
4 2017	25
23 11 2009	24
18 12 2017	24
13 11 2008	24
29 11	24
7 2005	24
25 11	23
4 2012	23
11 2014	23
2016 bộ_trưởng	23
01 2004	22
4 2013	22
15 12	22
2017 chính_phủ	22
01 11	21
17 11	21
31 7	21
12 2017 hiệu_lực 01 01 2018	21
25 11 2009	21
05 01	20
15 8	20
28 11 2017 ban	20
5 2015 chính_phủ	20
05 12	20
12 2015	20
5 2014	20
5 2015	20
2005 nội_vụ	19
10 11 2017	19
29 4	19
12 2016 chính_phủ	19
19 12 2017	19
15 11 2010	18
2009 chính_phủ	18
7 2014	18
6 2017	18
21 12	18
22 12	18
21 12 2016	18
12 11 2015	18
quyết_định hiệu_lực 01 01 2018	18
bộ_trưởng tài_chính	18
thông_qua_ngày 07 12 2017	18
09 10 2017	18
30 9	18
26 11 2003	18
10 2016	18
28 12	18
quyết_định hiệu_lực thi_hành 01 01 2018	18
6 2009	17
hiệu_lực 01 01 2018	17
02 2017	17
31 3	17
15 10	17
11 2017 thay_thế quyết_định	17
9 2004	17
10 2004	17
14 12	17
20 12 2017	17
02 2015	17
bộ_trưởng nội_vụ	17
10 2012	16
01 2003 chính_phủ	16
01 2004 chính_phủ	16
hiệu_lực 18 12 2017	16
8 2005	16
13 10	16
20 6	16
2013 chính_phủ	16
27 10 2017	16
thông_qua_ngày 08 12 2017 hiệu_lực 01 01 2018	16
12 2013	16
18 6	16
15 9	16
2017 bộ_trưởng tài_chính	16
11 12	15
01 2006	15
01 9 2017 chính_phủ	15
12 2003	15
7 1998	15
12 2002	15
14 11	14
18 6 2014	14
12 2004	14
07 12 2017	14
3 2010 chính_phủ quy_định	14
3 2002	14
08 12 2017	14
25 12 2017	14
20 11 2017	14
2012 chính_phủ	13
30 10 2017	13
9 2010	13
2007 chính_phủ	13
28 4	13
18 12	13
01 2014	13
9 2013	13
04 4	13
thông_qua_ngày 09 12 2017 hiệu_lực 19 12 2017	13
3 2012 chính_phủ	13
7 2011	13
2006 chính_phủ	13
20 12	13
hiệu_lực thi_hành	13
31 10 2017	13
5 2016	13
6 2003	13
01 2017	12
29 9	12
tối_đa 05	12
16 6 2014	12
4 2005	12
6 2014	12
9 2015 chính_phủ	12
4 2010 chính_phủ	12
11 2009	12
31 01	12
5 2006	12
7 2012	12
02 2014	12
29 9 2017	12
2014 chính_phủ	11
4 2005 chính_phủ	11
09 12 2017 hiệu_lực 19 12 2017	11
25 12	11
8 1998	11
4 2012 chính_phủ	11
6 2005	11
21 11	11
20 10	11
26 12	11
15 3	11
02 11	11
12 2009	11
06 01	10
30 11	10
10 11	10
4 2016	10
2003 chính_phủ	10
23 10	10
07 12	10
16 11	10
12 1999	10
01 2018 thay_thế quyết_định	10
11 11	10
08 12	10
10 2013	10
10 2014	10
20 9	10
12 2017 hiệu_lực thi_hành	10
7 2003	10
15 11	10
8 2014	10
28 02	9
12 2012	9
tối_đa 03	9
15 01	9
15 7	9
16 11 2017	9
24 12	9
30 11 2017 ban	9
thông_qua_ngày 08 12 2017	9
12 2017 hiệu_lực 18 12 2017	9
01 2003	9
15 12 2017	9
11 2010	9
tối_đa 10	9
29 6	9
11 2017 ban	8
7 2016	8
01 1995	8
27 01	8
4 2010	8
24 11	8
23 11	8
29 12	8
3 2003	8
9 2014	8
9 2016	8
08 4	8
4 2014	8
28 11 2017	8
6 2004	8
3 2017	8
2014 tài_chính	8
01 2016	8
2011 chính_phủ quy_định	8
03 11	8
04 12	8
12 11	8
3 2012	7
4 1995	7
01 10 2004 :	7
02 2017 tài_chính quy_định	7
25 7	7
13 6	7
01 02 2018	7
2005 chính_phủ	7
2017 tài_chính	7
22 11 2017	7
2004 chính_phủ	7
19 6 2015	7
9 2006	7
15 02 2017	7
11 2013 chính_phủ quy_định	7
17 6	7
13 12	7
28 12 2016	7
14 02	7
14 11 2017	7
thi_hành 01 01	7
12 2016 tài_chính quy_định	7
12 2016 bộ_trưởng tài_chính quy_định	7
06 01 2017	7
16 6	7
4 2017 bộ_trưởng tài_chính	7
01 2005	6
12 2017 hiệu_lực thi_hành 01 01 2018	6
03 02	6
thông_qua_ngày 07 12 2017 hiệu_lực	6
2011 chính_phủ	6
2010 chính_phủ	6
24 10	6
2008 chính_phủ	6
16 7	6
12 2010	6
6 2015	6
tối_đa 6	6
10 2003 chính_phủ	6
22 11	6
29 11 2013	6
2016 bộ_trưởng tài_chính	6
22 12 2014	6
19 6	6
9 2005	6
2016 chính_phủ	6
6 2012	6
2016 tài_chính	6
15 01 2018	6
2014 bộ_trưởng tài_chính	6
06 12	6
15 02	6
23 8	6
9 2012	5
2014 chính_phủ quy_định	5
17 12	5
14 9	5
23 12	5
thông_qua_ngày 08 12 2017 hiệu_lực thi_hành	5
2018 thay_thế quyết_định	5
03 12	5
15 11 2017	5
4 2003	5
11 7	5
7 2015	5
24 11 2017	5
4 2015	5
28 8	5
3 2010 chính_phủ	5
23 11 2017	5
12 12	5
15 5	5
21 10	5
09 12	5
9 2004 chính_phủ	5
27 10	5
01 2000	5
7 1999	5
25 10	5
23 6	4
23 01	4
09 12 2016	4
23 6 2014	4
2017 hiệu_lực	4
14 8	4
bộ_trưởng tài_chính quy_định	4
06 4	4
07 11	4
29 11 2017	4
8 2003	4
hiệu_lực 10	4
thông_qua_ngày 09 12 2017	4
14 6	4
thông_qua_ngày 07	4
hiệu_lực 19 12 2017	4
02 2017 tài_chính	4
02 2015 chính_phủ	4
03 2018	4
2017 hiệu_lực 01	4
12 1993	4
11 2016 chính_phủ	4
01 2017 chính_phủ	4
11 2012	4
6 2016	4
3 2010	4
13 11	4
5 2003	4
31 12 2015	4
5 2010	4
27 11	4
10 2015 chính_phủ	4
1995 chính_phủ	4
11 2016 tài_chính	4
04 9 2014 thủ_tướng chính_phủ	4
hiệu_lực 01	4
16 10	4
22 4	4
02 2016	4
10 10	4
07 12 2017 hiệu_lực	4
30 12 2016	4
02 2003	4
7 2004	4
6 1993	4
17 11 2017	4
5 2008 chính_phủ	3
thông_qua_ngày 09	3
29 10	3
6 2017 tài_chính	3
30 10	3
12 5 2017	3
14 7	3
09 6	3
09 4	3
19 7	3
16 01	3
tối_đa 20	3
01 01 2018 thay_thế	3
13 12 2017	3
4 2015 chính_phủ	3
6 2003 chính_phủ	3
12 02	3
12 2017 hiệu_lực	3
tài_chính quy_định_chế_độ	3
11 2008	3
25 11 2015	3
11 2002	3
tối_đa 15	3
7 2017 chính_phủ quy_định	3
2017 bộ_trưởng tài_chính quy_định_chế_độ	3
15 5 2014	3
4 2017 chính_phủ	3
10 2013 chính_phủ	3
12 2016 tài_chính	3
5 2014 chính_phủ quy_định	3
06 11 2017	3
19 6 2017	3
22 6	3
10 2003	3
15 3 2017	3
25 6	3
05 10	3
12 2008	2
quyết_định hiệu_lực 10	2
tối_đa 30	2
12 2017 ban	2
2002 chính_phủ	2
28 4 2017 tài_chính quy_định_chế_độ công_tác_phí	2
14 12 2004	2
5 2008	2
11 2016 bộ_trưởng tài_chính	2
02 2017 bộ_trưởng	2
01 11 2017	2
2014 thủ_tướng chính_phủ	2
13 4	2
05 4	2
26 12 2016	2
4 2012 chính_phủ quy_định	2
09 10	2
01 9 2017	2
12 2011	2
2016 bộ_trưởng tài_chính quy_định	2
30 6 2016	2
chính_phủ quy_định	2
26 5	2
29 11 2016	2
tối_đa 3	2
quyết_định hiệu_lực 01	2
quy_định quyết_định	2
11 2013 chính_phủ	2
10 2009	2
2013 bộ_trưởng	2
7 2016 chính_phủ	2
16 12	2
06 6	2
2017 tài_chính quy_định_chế_độ	2
25 3	2
24 4	2
22 10	2
14 01	2
10 2006	2
2010 chính_phủ quy_định	2
11 2011	2
4 2017 bộ_trưởng	2
8 2000	2
14 5	2
5 2014 chính_phủ	2
29 4 1995	2
09 9	2
24 02	2
28 4 2017	2
2015 chính_phủ	2
5 2016 chính_phủ	2
02 10	2
22 6 2015	1
08 12 2017 hiệu_lực 01 01 2018	1
02 2010	1
2012 chính_phủ quy_định	1
thi_hành 01	1
11 2017 thay_thế	1
02 12	1
thay_thế quyết_định	1
04 4 2014	1
12 2016 chính_phủ quy_định	1
28 11	1
7 2000	1
02 2017 bộ_trưởng tài_chính	1
5 2016 chính_phủ quy_định	1
2016 chính_phủ quy_định	1
26 6 2014	1
23 8 2016	1
11 2015 chính_phủ	1
2017 hiệu_lực 01 01 2018	1
1993 chính_phủ	1
06 11	1
thông_qua_ngày 08 12 2017 hiệu_lực 18 12	1
01 2018 thay_thế	1
30 5	1
11 11 2016	1
15 tỷ	1
hiệu_lực thi_hành 01	1
13 3	1
07 01	1
29 4 1995 chính_phủ	1
30 6 2014	1
14 11 2013	1
09 12 2017 hiệu_lực	1
01 12 2017 ban	1
18 7	1
14 11 2013 chính_phủ	1
08 12 2016	1
5 2003 chính_phủ	1
12 2017 hiệu_lực 19 12 2017	1
13 7	1
hiệu_lực 15	1
4 2014 chính_phủ	1
hiệu_lực thi_hành 15	1
04 9 2014	1
hiệu_lực 01 01	1
06 6 2003 chính_phủ	1
10 2005	1
05 tỷ	1
11 2004	1
1998 chính_phủ	1
19 02 2003	1
7 2013 chính_phủ	1
hiệu_lực thi_hành 25	1
07 7	1
quyết_định hiệu_lực 01 01	1
7 2017 chính_phủ	1
09 12 2017	1
27 9	1
24 02 2010 chính_phủ	1
26 6	1
04 12 2017 ban	1
17 02	1
25 3 2015	1
02 2003 thủ_tướng chính_phủ	1
quyết_định hiệu_lực	1
10 2017 thay_thế	1
